0 22.241 62.9815 31.5889 64.3904 4
1 22.241 62.9815 31.5889 64.3904 4
2 22.241 62.9815 31.5889 64.3904 4
3 22.241 62.9815 31.5889 64.3904 4
4 22.241 62.9815 31.5889 64.3904 4
5 22.241 62.9815 31.5889 64.3904 4
6 22.241 62.9815 31.5889 64.3904 4
7 22.241 62.9815 31.5889 64.3904 4
8 22.241 62.9815 31.5889 64.3904 4
9 22.241 62.9815 31.5889 64.3904 4
10 22.241 62.9815 31.5889 64.3904 4
11 22.241 62.9815 31.5889 64.3904 4
12 22.241 62.9815 31.5889 64.3904 4
13 RANDOM
14 22.241 62.9815 31.5889 64.3904 4
15 22.241 62.9815 31.5889 64.3904 4
16 22.241 62.9815 31.5889 64.3904 4
17 22.241 62.9815 31.5889 64.3904 4
18 22.241 62.9815 31.5889 64.3904 4
19 22.241 62.9815 31.5889 64.3904 4
20 22.241 62.9815 31.5889 64.3904 4
21 22.241 62.9815 31.5889 64.3904 4
22 22.241 62.9815 31.5889 64.3904 4
23 22.241 62.9815 31.5889 64.3904 4
24 22.241 62.9815 31.5889 64.3904 4
25 22.241 62.9815 31.5889 64.3904 4
26 22.241 62.9815 31.5889 64.3904 4
27 RANDOM
28 22.241 62.9815 31.5889 64.3904 4
29 22.241 62.9815 31.5889 64.3904 4
30 22.241 62.9815 31.5889 64.3904 4
31 22.241 62.9815 31.5889 64.3904 4
32 22.241 62.9815 31.5889 64.3904 4
33 22.241 62.9815 31.5889 64.3904 4
34 22.241 62.9815 31.5889 64.3904 4
35 22.241 62.9815 31.5889 64.3904 4
36 22.241 62.9815 31.5889 64.3904 4
37 22.241 62.9815 31.5889 64.3904 4
38 22.241 62.9815 31.5889 64.3904 4
39 22.241 62.9815 31.5889 64.3904 4
40 22.241 62.9815 31.5889 64.3904 4
41 22.241 62.9815 31.5889 64.3904 4
42 56.2517 174.495 47.2044 177.621 4
43 65.7059 202.413 60.8025 198.955 2
44 22.5487 76.3297 15.9764 88.2641 4
45 RANDOM
46 76.4389 233.088 75.6054 222.88 2
47 23.7735 80.9352 14.4659 94.9485 4
48 76.4389 233.088 75.6054 222.88 2
49 23.7735 80.9352 14.4659 94.9485 4
50 76.4389 233.088 75.6054 222.88 2
51 23.7735 80.9352 14.4659 94.9485 4
52 RANDOM
53 88.5493 267.453 92.3343 249.818 2
54 25.4242 86.8747 12.9419 103.395 4
55 88.5493 267.453 92.3343 249.818 2
56 25.4242 86.8747 12.9419 103.395 4
57 88.5493 267.453 92.3343 249.818 2
58 25.4242 86.8747 12.9419 103.395 4
59 88.5493 267.453 92.3343 249.818 2
60 25.4242 86.8747 12.9419 103.395 4
61 88.5493 267.453 92.3343 249.818 2
62 25.4242 86.8747 12.9419 103.395 4
63 88.5493 267.453 92.3343 249.818 2
64 25.4242 86.8747 12.9419 103.395 4
65 88.5493 267.453 92.3343 249.818 2
66 25.4242 86.8747 12.9419 103.395 4
67 88.5493 267.453 92.3343 249.818 2
68 25.4242 86.8747 12.9419 103.395 4
69 88.5493 267.453 92.3343 249.818 2
70 25.4242 86.8747 12.9419 103.395 4
71 88.5493 267.453 92.3343 249.818 2
72 25.4242 86.8747 12.9419 103.395 4
73 88.5493 267.453 92.3343 249.818 2
74 25.4242 86.8747 12.9419 103.395 4
75 88.5493 267.453 92.3343 249.818 2
76 25.4242 86.8747 12.9419 103.395 4
77 88.5493 267.453 92.3343 249.818 2
78 25.4242 86.8747 12.9419 103.395 4
79 88.5493 267.453 92.3343 249.818 2
80 25.4242 86.8747 12.9419 103.395 4
81 88.5493 267.453 92.3343 249.818 2
82 25.4242 86.8747 12.9419 103.395 4
83 88.5493 267.453 92.3343 249.818 2
84 RANDOM
85 23.7735 80.9352 14.4659 94.9485 4
86 76.4389 233.088 75.6054 222.88 2
87 23.7735 80.9352 14.4659 94.9485 4
88 76.4389 233.088 75.6054 222.88 2
89 23.7735 80.9352 14.4659 94.9485 4
90 76.4389 233.088 75.6054 222.88 2
91 23.7735 80.9352 14.4659 94.9485 4
92 76.4389 233.088 75.6054 222.88 2
93 23.7735 80.9352 14.4659 94.9485 4
94 76.4389 233.088 75.6054 222.88 2
95 23.7735 80.9352 14.4659 94.9485 4
96 76.4389 233.088 75.6054 222.88 2
97 23.7735 80.9352 14.4659 94.9485 4
98 RANDOM
99 88.5493 267.453 92.3343 249.818 2
100 25.4242 86.8747 12.9419 103.395 4
101 88.5493 267.453 92.3343 249.818 2
102 RANDOM
103 23.7735 80.9352 14.4659 94.9485 4
104 76.4389 233.088 75.6054 222.88 2
105 23.7735 80.9352 14.4659 94.9485 4
106 76.4389 233.088 75.6054 222.88 2
107 23.7735 80.9352 14.4659 94.9485 4
108 76.4389 233.088 75.6054 222.88 2
109 RANDOM
110 22.5487 76.3297 15.9764 88.2641 4
111 65.7059 202.413 60.8025 198.955 2
112 22.5487 76.3297 15.9764 88.2641 4
113 65.7059 202.413 60.8025 198.955 2
114 22.5487 76.3297 15.9764 88.2641 4
115 65.7059 202.413 60.8025 198.955 2
116 22.5487 76.3297 15.9764 88.2641 4
117 65.7059 202.413 60.8025 198.955 2
118 22.5487 76.3297 15.9764 88.2641 4
119 65.7059 202.413 60.8025 198.955 2
120 22.5487 76.3297 15.9764 88.2641 4
121 65.7059 202.413 60.8025 198.955 2
122 22.5487 76.3297 15.9764 88.2641 4
123 65.7059 202.413 60.8025 198.955 2
124 22.5487 76.3297 15.9764 88.2641 4
125 65.7059 202.413 60.8025 198.955 2
126 RANDOM
127 22.2018 74.4282 20.0957 83.2562 4
128 59.4275 168.615 71.4546 156.9 2
